# Edge list with 1000 nodes and 1500 edges
# Format: u v p
1 2 0.63
2 3 0.45
3 4 0.48
4 5 0.70
5 6 0.67
6 7 0.17
7 8 0.61
8 9 0.67
9 10 0.46
10 11 0.30
11 12 0.66
12 13 0.64
13 14 0.34
14 15 0.27
15 16 0.52
16 17 0.09
17 18 0.27
18 19 0.19
19 20 0.42
20 21 0.48
21 22 0.08
22 23 0.52
23 24 0.20
24 25 0.60
25 26 0.40
26 27 0.32
27 28 0.43
28 29 0.86
29 30 0.32
30 31 0.56
31 32 0.32
32 33 0.16
33 34 0.72
34 35 0.37
35 36 0.03
36 37 0.08
37 38 0.66
38 39 0.49
39 40 0.71
40 41 0.17
41 42 0.53
42 43 0.46
43 44 0.85
44 45 0.17
45 46 0.30
46 47 1.00
47 48 0.36
48 49 0.73
49 50 0.76
50 51 0.62
51 52 0.28
52 53 0.32
53 54 0.55
54 55 0.62
55 56 0.34
56 57 0.11
57 58 0.08
58 59 0.84
59 60 0.95
60 61 0.22
61 62 0.65
62 63 0.28
63 64 0.36
64 65 0.85
65 66 0.69
66 67 0.70
67 68 0.35
68 69 0.07
69 70 0.19
70 71 0.96
71 72 0.36
72 73 0.78
73 74 0.71
74 75 0.79
75 76 0.07
76 77 0.70
77 78 0.10
78 79 0.62
79 80 0.95
80 81 0.44
81 82 0.97
82 83 0.94
83 84 0.74
84 85 0.42
85 86 0.77
86 87 0.59
87 88 0.35
88 89 0.09
89 90 0.70
90 91 0.56
91 92 0.30
92 93 0.53
93 94 0.84
94 95 0.46
95 96 0.12
96 97 0.45
97 98 0.00
98 99 0.79
99 100 0.95
100 101 0.27
101 102 0.26
102 103 0.88
103 104 0.32
104 105 0.62
105 106 0.64
106 107 0.48
107 108 0.18
108 109 0.80
109 110 0.24
110 111 0.04
111 112 0.55
112 113 0.84
113 114 0.90
114 115 0.69
115 116 0.67
116 117 0.82
117 118 0.88
118 119 0.64
119 120 0.29
120 121 0.36
121 122 0.59
122 123 0.34
123 124 0.26
124 125 0.32
125 126 0.36
126 127 0.56
127 128 0.31
128 129 0.92
129 130 0.24
130 131 0.68
131 132 0.35
132 133 0.94
133 134 0.71
134 135 0.43
135 136 0.55
136 137 0.13
137 138 0.83
138 139 0.15
139 140 0.96
140 141 0.27
141 142 0.88
142 143 0.63
143 144 0.40
144 145 0.75
145 146 0.38
146 147 0.24
147 148 0.67
148 149 0.82
149 150 0.07
150 151 0.50
151 152 0.51
152 153 0.35
153 154 1.00
154 155 0.21
155 156 0.17
156 157 0.55
157 158 0.19
158 159 0.17
159 160 0.95
160 161 0.02
161 162 0.47
162 163 0.05
163 164 0.78
164 165 0.48
165 166 0.05
166 167 0.44
167 168 0.23
168 169 0.48
169 170 0.35
170 171 0.97
171 172 0.67
172 173 0.09
173 174 0.80
174 175 0.94
175 176 0.72
176 177 0.82
177 178 0.29
178 179 0.95
179 180 0.64
180 181 0.74
181 182 0.11
182 183 0.13
183 184 0.86
184 185 0.68
185 186 0.87
186 187 0.64
187 188 0.75
188 189 0.15
189 190 0.23
190 191 0.59
191 192 0.52
192 193 0.14
193 194 0.00
194 195 0.48
195 196 0.33
196 197 0.72
197 198 0.12
198 199 0.21
199 200 0.91
200 201 0.45
201 202 0.76
202 203 0.79
203 204 0.71
204 205 0.86
205 206 0.54
206 207 0.70
207 208 0.74
208 209 0.78
209 210 0.03
210 211 0.40
211 212 0.86
212 213 0.92
213 214 0.57
214 215 0.38
215 216 0.42
216 217 0.24
217 218 0.48
218 219 0.40
219 220 0.72
220 221 0.73
221 222 0.77
222 223 0.46
223 224 0.58
224 225 0.08
225 226 0.12
226 227 0.91
227 228 0.66
228 229 0.49
229 230 0.84
230 231 0.20
231 232 0.43
232 233 0.78
233 234 0.03
234 235 0.42
235 236 0.56
236 237 0.78
237 238 0.07
238 239 0.55
239 240 0.17
240 241 0.22
241 242 0.62
242 243 0.77
243 244 0.22
244 245 0.70
245 246 0.07
246 247 0.09
247 248 0.31
248 249 0.84
249 250 0.01
250 251 0.34
251 252 0.55
252 253 0.41
253 254 0.11
254 255 0.83
255 256 0.27
256 257 0.91
257 258 0.60
258 259 0.01
259 260 0.92
260 261 0.74
261 262 0.04
262 263 0.34
263 264 0.52
264 265 0.14
265 266 0.70
266 267 0.97
267 268 0.90
268 269 0.61
269 270 0.57
270 271 0.95
271 272 0.13
272 273 0.15
273 274 0.74
274 275 0.52
275 276 0.11
276 277 0.63
277 278 0.58
278 279 0.58
279 280 0.83
280 281 0.59
281 282 0.55
282 283 0.44
283 284 0.91
284 285 0.62
285 286 0.29
286 287 0.48
287 288 0.41
288 289 0.03
289 290 0.61
290 291 0.99
291 292 0.83
292 293 0.37
293 294 0.07
294 295 0.32
295 296 0.96
296 297 0.86
297 298 0.25
298 299 0.88
299 300 0.28
300 301 0.81
301 302 0.74
302 303 0.96
303 304 0.31
304 305 0.49
305 306 0.22
306 307 0.96
307 308 0.87
308 309 0.97
309 310 0.21
310 311 0.86
311 312 0.45
312 313 0.98
313 314 0.51
314 315 0.71
315 316 0.61
316 317 0.15
317 318 0.00
318 319 0.14
319 320 0.90
320 321 0.57
321 322 0.96
322 323 0.29
323 324 0.98
324 325 0.28
325 326 0.50
326 327 0.71
327 328 0.38
328 329 0.26
329 330 0.11
330 331 0.90
331 332 0.25
332 333 0.41
333 334 0.19
334 335 0.45
335 336 0.29
336 337 0.72
337 338 0.17
338 339 0.93
339 340 0.82
340 341 0.45
341 342 0.66
342 343 0.05
343 344 0.76
344 345 0.58
345 346 0.09
346 347 0.24
347 348 0.23
348 349 0.39
349 350 0.97
350 351 0.45
351 352 0.09
352 353 0.35
353 354 0.13
354 355 0.37
355 356 0.36
356 357 0.13
357 358 0.76
358 359 0.94
359 360 0.25
360 361 0.80
361 362 0.73
362 363 0.30
363 364 0.31
364 365 0.83
365 366 0.95
366 367 0.86
367 368 0.30
368 369 0.05
369 370 0.24
370 371 0.55
371 372 0.41
372 373 0.20
373 374 0.40
374 375 0.47
375 376 1.00
376 377 0.28
377 378 0.99
378 379 0.64
379 380 0.44
380 381 0.55
381 382 0.89
382 383 0.78
383 384 0.49
384 385 0.66
385 386 0.52
386 387 0.76
387 388 0.43
388 389 0.18
389 390 0.28
390 391 0.14
391 392 0.28
392 393 0.89
393 394 0.92
394 395 0.75
395 396 0.44
396 397 0.59
397 398 0.06
398 399 0.94
399 400 0.21
400 401 0.32
401 402 0.63
402 403 0.63
403 404 0.52
404 405 0.59
405 406 0.81
406 407 0.77
407 408 0.46
408 409 0.71
409 410 0.36
410 411 0.25
411 412 0.75
412 413 0.03
413 414 0.97
414 415 0.50
415 416 0.01
416 417 0.50
417 418 0.69
418 419 0.74
419 420 0.42
420 421 0.16
421 422 0.01
422 423 0.21
423 424 0.91
424 425 0.64
425 426 0.52
426 427 0.89
427 428 0.67
428 429 0.26
429 430 0.26
430 431 0.44
431 432 0.25
432 433 0.11
433 434 0.49
434 435 0.37
435 436 0.87
436 437 0.42
437 438 0.95
438 439 0.10
439 440 0.67
440 441 0.54
441 442 0.40
442 443 0.14
443 444 0.23
444 445 0.64
445 446 0.98
446 447 0.63
447 448 0.87
448 449 0.11
449 450 0.11
450 451 0.78
451 452 0.52
452 453 0.39
453 454 0.26
454 455 0.48
455 456 0.06
456 457 0.35
457 458 0.19
458 459 0.96
459 460 0.06
460 461 0.72
461 462 0.81
462 463 0.91
463 464 0.12
464 465 0.01
465 466 0.17
466 467 0.76
467 468 0.29
468 469 0.93
469 470 0.21
470 471 0.91
471 472 0.59
472 473 0.48
473 474 0.11
474 475 0.99
475 476 0.38
476 477 0.79
477 478 0.13
478 479 0.01
479 480 0.96
480 481 0.26
481 482 0.28
482 483 0.42
483 484 0.70
484 485 0.94
485 486 0.35
486 487 0.28
487 488 0.38
488 489 0.27
489 490 0.98
490 491 0.23
491 492 0.55
492 493 0.79
493 494 0.01
494 495 0.50
495 496 0.09
496 497 0.47
497 498 0.89
498 499 0.61
499 500 0.39
500 501 0.41
501 502 0.38
502 503 0.47
503 504 0.56
504 505 0.12
505 506 0.72
506 507 0.04
507 508 0.30
508 509 0.20
509 510 0.83
510 511 0.62
511 512 0.60
512 513 0.01
513 514 0.61
514 515 0.73
515 516 0.87
516 517 0.04
517 518 0.12
518 519 0.76
519 520 0.13
520 521 0.00
521 522 0.18
522 523 0.17
523 524 0.11
524 525 0.21
525 526 0.12
526 527 0.95
527 528 0.94
528 529 0.04
529 530 0.66
530 531 0.58
531 532 0.69
532 533 0.27
533 534 0.23
534 535 0.76
535 536 0.09
536 537 0.18
537 538 0.01
538 539 0.34
539 540 0.47
540 541 0.20
541 542 0.66
542 543 0.38
543 544 0.73
544 545 0.90
545 546 0.37
546 547 0.47
547 548 0.61
548 549 0.52
549 550 0.88
550 551 0.64
551 552 0.27
552 553 0.65
553 554 0.47
554 555 0.48
555 556 0.75
556 557 0.12
557 558 0.98
558 559 0.20
559 560 0.24
560 561 0.48
561 562 0.49
562 563 0.93
563 564 0.82
564 565 0.55
565 566 0.73
566 567 0.63
567 568 0.11
568 569 0.96
569 570 0.72
570 571 0.16
571 572 0.85
572 573 0.35
573 574 0.83
574 575 0.28
575 576 0.44
576 577 0.28
577 578 0.71
578 579 0.04
579 580 0.45
580 581 0.53
581 582 0.82
582 583 0.92
583 584 0.87
584 585 0.48
585 586 0.65
586 587 0.66
587 588 0.68
588 589 0.13
589 590 0.18
590 591 0.20
591 592 0.33
592 593 0.60
593 594 0.37
594 595 0.25
595 596 0.46
596 597 0.44
597 598 0.92
598 599 0.23
599 600 0.96
600 601 0.02
601 602 0.90
602 603 0.66
603 604 0.33
604 605 0.15
605 606 0.62
606 607 0.51
607 608 0.02
608 609 0.11
609 610 0.59
610 611 0.43
611 612 0.61
612 613 0.21
613 614 0.16
614 615 0.63
615 616 0.05
616 617 0.63
617 618 0.98
618 619 0.61
619 620 0.84
620 621 0.52
621 622 0.25
622 623 0.24
623 624 0.08
624 625 0.36
625 626 0.75
626 627 0.82
627 628 0.89
628 629 0.10
629 630 0.68
630 631 0.84
631 632 0.53
632 633 0.13
633 634 0.29
634 635 0.84
635 636 0.42
636 637 0.62
637 638 0.97
638 639 0.87
639 640 0.39
640 641 0.78
641 642 0.73
642 643 0.26
643 644 0.32
644 645 0.25
645 646 0.48
646 647 0.96
647 648 0.84
648 649 0.11
649 650 0.88
650 651 0.41
651 652 0.65
652 653 0.14
653 654 0.71
654 655 0.96
655 656 0.66
656 657 0.10
657 658 0.24
658 659 0.76
659 660 0.86
660 661 0.06
661 662 0.78
662 663 0.08
663 664 0.32
664 665 0.82
665 666 0.44
666 667 0.10
667 668 0.30
668 669 0.67
669 670 0.43
670 671 0.61
671 672 0.47
672 673 0.30
673 674 0.48
674 675 0.10
675 676 0.14
676 677 0.58
677 678 0.77
678 679 1.00
679 680 0.08
680 681 0.96
681 682 0.42
682 683 0.76
683 684 0.67
684 685 0.66
685 686 0.53
686 687 0.88
687 688 0.52
688 689 0.96
689 690 0.46
690 691 0.24
691 692 0.12
692 693 0.80
693 694 0.17
694 695 0.83
695 696 0.06
696 697 0.60
697 698 0.58
698 699 0.37
699 700 0.46
700 701 0.01
701 702 0.61
702 703 0.17
703 704 0.88
704 705 0.77
705 706 0.90
706 707 0.37
707 708 0.78
708 709 0.24
709 710 0.02
710 711 0.08
711 712 0.06
712 713 0.67
713 714 0.16
714 715 0.03
715 716 0.70
716 717 0.78
717 718 0.70
718 719 0.65
719 720 0.57
720 721 0.66
721 722 0.40
722 723 0.09
723 724 0.09
724 725 0.95
725 726 0.73
726 727 0.83
727 728 0.01
728 729 0.51
729 730 0.59
730 731 0.71
731 732 0.49
732 733 0.59
733 734 0.06
734 735 0.54
735 736 0.56
736 737 0.96
737 738 0.10
738 739 0.46
739 740 0.54
740 741 0.45
741 742 0.54
742 743 0.91
743 744 0.84
744 745 0.97
745 746 0.76
746 747 0.71
747 748 0.95
748 749 0.81
749 750 0.08
750 751 0.23
751 752 0.14
752 753 0.34
753 754 0.53
754 755 0.15
755 756 0.52
756 757 0.46
757 758 0.39
758 759 0.61
759 760 0.31
760 761 0.85
761 762 0.95
762 763 0.45
763 764 0.08
764 765 0.60
765 766 0.49
766 767 0.13
767 768 0.90
768 769 0.27
769 770 0.26
770 771 0.70
771 772 0.42
772 773 0.53
773 774 0.91
774 775 0.80
775 776 0.27
776 777 0.92
777 778 0.99
778 779 0.07
779 780 0.20
780 781 0.03
781 782 0.70
782 783 0.64
783 784 0.19
784 785 0.91
785 786 0.46
786 787 0.53
787 788 0.02
788 789 0.60
789 790 0.47
790 791 0.69
791 792 0.40
792 793 0.63
793 794 0.65
794 795 0.09
795 796 0.63
796 797 0.45
797 798 0.53
798 799 0.46
799 800 0.89
800 801 0.36
801 802 0.66
802 803 0.00
803 804 0.98
804 805 0.98
805 806 0.88
806 807 0.04
807 808 0.51
808 809 0.94
809 810 0.64
810 811 0.52
811 812 0.94
812 813 0.93
813 814 0.56
814 815 0.88
815 816 0.39
816 817 0.13
817 818 0.23
818 819 0.93
819 820 0.71
820 821 0.02
821 822 0.30
822 823 0.67
823 824 0.60
824 825 0.49
825 826 0.72
826 827 0.49
827 828 0.98
828 829 0.87
829 830 0.61
830 831 0.57
831 832 0.61
832 833 0.48
833 834 0.03
834 835 0.15
835 836 0.81
836 837 0.81
837 838 0.51
838 839 0.09
839 840 0.17
840 841 0.46
841 842 0.04
842 843 0.62
843 844 0.93
844 845 0.19
845 846 0.09
846 847 0.29
847 848 0.97
848 849 0.58
849 850 0.08
850 851 0.43
851 852 0.24
852 853 0.13
853 854 0.59
854 855 0.52
855 856 0.74
856 857 1.00
857 858 0.52
858 859 0.33
859 860 0.50
860 861 0.12
861 862 0.17
862 863 0.85
863 864 0.36
864 865 0.56
865 866 0.23
866 867 0.90
867 868 0.07
868 869 0.13
869 870 0.40
870 871 0.03
871 872 0.99
872 873 0.03
873 874 0.47
874 875 0.53
875 876 0.95
876 877 0.54
877 878 0.52
878 879 0.60
879 880 0.51
880 881 0.16
881 882 0.15
882 883 0.52
883 884 0.63
884 885 0.05
885 886 0.28
886 887 0.92
887 888 0.91
888 889 0.65
889 890 0.39
890 891 0.52
891 892 0.97
892 893 0.48
893 894 0.11
894 895 0.55
895 896 0.11
896 897 0.46
897 898 0.08
898 899 0.87
899 900 0.26
900 901 0.05
901 902 0.63
902 903 0.35
903 904 0.06
904 905 0.77
905 906 0.71
906 907 0.44
907 908 0.90
908 909 0.17
909 910 0.74
910 911 0.83
911 912 0.01
912 913 0.78
913 914 0.72
914 915 0.96
915 916 0.48
916 917 0.19
917 918 0.39
918 919 0.05
919 920 0.11
920 921 0.90
921 922 0.52
922 923 0.38
923 924 0.58
924 925 0.54
925 926 0.98
926 927 0.68
927 928 0.67
928 929 0.31
929 930 0.55
930 931 0.58
931 932 0.71
932 933 0.17
933 934 0.54
934 935 0.36
935 936 0.40
936 937 0.58
937 938 0.98
938 939 0.33
939 940 0.95
940 941 0.30
941 942 0.71
942 943 0.14
943 944 0.88
944 945 0.15
945 946 0.55
946 947 0.97
947 948 0.68
948 949 0.42
949 950 0.16
950 951 0.48
951 952 0.45
952 953 0.76
953 954 0.45
954 955 0.79
955 956 0.72
956 957 0.08
957 958 0.10
958 959 0.27
959 960 0.08
960 961 0.94
961 962 0.97
962 963 0.72
963 964 0.74
964 965 0.22
965 966 0.43
966 967 0.94
967 968 0.45
968 969 0.87
969 970 0.79
970 971 0.40
971 972 0.34
972 973 0.46
973 974 0.18
974 975 0.92
975 976 0.59
976 977 0.75
977 978 0.30
978 979 0.40
979 980 0.05
980 981 0.95
981 982 0.58
982 983 0.79
983 984 0.52
984 985 0.71
985 986 0.73
986 987 0.70
987 988 0.25
988 989 0.72
989 990 0.15
990 991 0.84
991 992 0.63
992 993 0.98
993 994 0.17
994 995 0.91
995 996 0.29
996 997 0.13
997 998 0.47
998 999 0.57
999 1000 0.70
1000 1 0.73
519 748 0.95
548 541 0.13
353 351 0.68
711 239 0.07
821 173 0.23
820 262 0.34
578 273 0.31
215 520 0.08
838 525 0.76
22 716 0.52
41 450 0.60
221 769 0.71
752 862 0.79
15 442 0.27
904 362 0.59
426 583 0.04
281 703 0.88
588 755 0.58
889 649 0.25
982 412 0.69
961 978 0.98
44 550 0.69
920 669 0.88
669 305 0.05
190 902 0.74
449 118 0.33
674 101 0.78
10 649 0.88
463 322 0.78
551 392 0.39
741 712 0.79
772 961 0.91
344 114 0.32
285 905 0.93
94 519 0.76
759 53 0.02
800 275 0.72
543 738 0.49
469 970 0.02
254 394 0.83
465 703 0.51
469 838 0.02
757 520 0.13
307 441 0.80
500 630 0.00
905 61 0.57
239 654 0.87
881 884 0.29
420 431 0.64
362 634 0.73
305 515 0.03
393 791 0.07
640 678 0.80
497 665 0.90
529 857 0.78
100 177 0.87
845 772 0.08
572 403 0.95
480 910 0.69
253 664 0.26
557 503 0.11
510 343 0.43
184 514 0.92
76 356 0.90
734 334 0.11
582 903 0.32
753 929 0.84
951 805 0.82
133 412 0.44
659 350 0.13
404 466 0.84
148 34 0.26
13 109 0.76
12 766 0.31
315 780 0.33
631 477 0.85
922 635 0.24
628 12 0.97
643 689 0.98
43 988 0.81
821 606 0.72
767 135 0.16
44 355 0.90
205 971 0.75
259 347 0.48
437 897 0.62
850 945 1.00
134 314 0.46
713 418 0.55
246 265 0.63
928 653 0.23
204 51 0.26
11 750 0.95
415 968 0.28
86 867 0.89
119 423 0.49
537 163 0.34
482 298 0.69
447 960 0.57
394 812 0.79
58 862 0.05
437 167 0.94
786 355 0.22
467 504 0.65
166 706 0.96
913 912 0.73
927 676 0.31
284 15 0.18
943 537 0.61
346 839 0.35
377 144 0.66
741 460 0.88
996 643 0.98
810 782 0.71
239 59 0.63
461 616 0.35
895 335 0.79
53 317 0.61
61 879 0.99
308 537 0.84
162 277 0.44
18 458 0.48
825 513 0.35
139 283 0.89
875 779 0.46
218 870 0.60
740 80 0.52
251 183 0.52
689 188 0.80
762 969 0.92
348 17 0.04
196 913 0.33
487 449 0.40
939 859 0.67
915 802 0.43
299 310 0.79
922 515 0.68
966 914 0.54
261 310 0.74
72 212 0.01
807 861 0.62
794 463 0.46
302 675 0.49
593 717 0.92
926 482 0.57
213 454 0.07
919 409 0.37
929 683 0.51
924 769 0.25
955 761 0.65
541 746 0.70
366 93 0.53
589 305 0.23
863 107 0.15
674 159 0.74
374 967 0.83
415 76 0.24
845 161 0.84
375 214 0.28
104 772 0.46
694 793 0.93
997 447 0.53
32 264 0.56
675 881 0.09
1 569 0.44
119 297 0.94
869 3 0.26
446 357 0.92
682 958 0.60
331 65 0.84
488 147 0.33
182 969 0.35
927 963 0.18
869 804 0.54
630 646 0.96
345 424 0.09
743 557 0.98
310 284 0.39
590 738 0.86
810 953 0.71
483 954 0.56
450 694 0.12
816 598 0.52
709 62 0.11
865 561 0.87
260 350 0.87
246 448 0.22
101 354 0.54
194 399 0.85
923 287 0.49
694 736 0.88
222 443 0.35
386 837 0.93
677 332 0.74
873 80 0.56
900 487 0.43
127 445 0.68
845 883 0.37
797 917 0.48
223 947 0.88
893 300 0.39
217 109 0.06
943 159 0.48
702 963 0.27
245 883 0.03
199 138 0.24
304 472 0.70
498 851 0.47
204 352 0.42
760 900 0.09
346 527 0.12
966 46 0.65
659 635 0.59
916 514 0.67
9 138 0.80
727 696 0.92
174 383 0.70
589 453 0.41
122 947 0.10
857 798 0.98
357 691 0.50
320 831 0.87
555 644 0.14
12 305 0.38
471 89 0.33
586 456 0.45
151 126 0.62
851 862 0.06
953 374 0.44
209 214 0.83
11 107 0.28
605 393 0.26
318 355 0.46
167 420 0.46
165 390 0.98
369 641 0.12
778 760 0.34
5 332 0.56
509 176 0.99
408 864 0.44
670 231 0.20
872 36 0.12
158 682 0.68
72 160 0.01
401 667 0.12
998 889 0.24
950 285 0.37
795 175 0.61
591 794 0.91
784 343 0.19
696 744 0.34
464 961 0.42
205 181 0.24
619 667 0.59
337 749 0.08
602 106 0.17
413 6 0.84
852 319 0.21
426 85 0.03
459 872 0.11
264 870 0.52
966 865 0.40
195 407 0.67
758 706 0.93
639 792 0.31
403 789 0.53
255 497 0.84
532 757 0.43
270 840 0.50
518 992 0.41
778 852 0.29
444 234 0.04
970 476 0.93
167 894 0.78
804 535 0.94
310 595 0.19
262 324 0.53
864 694 0.37
122 92 0.05
104 430 0.99
210 952 0.55
210 14 0.97
720 44 0.58
210 263 0.92
346 135 0.83
959 264 0.07
346 28 0.81
735 702 0.85
350 934 0.93
183 974 0.28
826 642 0.33
753 843 0.97
15 771 0.50
546 968 0.07
974 863 0.12
448 686 0.21
613 289 0.70
606 290 0.06
391 911 0.40
71 522 0.08
781 188 0.30
135 443 0.65
219 397 0.20
986 681 0.80
721 343 0.73
617 86 0.67
380 550 0.41
487 486 0.28
814 45 0.05
112 845 0.74
751 375 0.37
399 831 0.30
932 397 0.42
167 629 0.23
662 226 0.49
317 855 0.03
600 128 0.72
265 131 0.28
507 953 0.61
347 424 0.08
463 72 0.81
167 5 0.66
251 488 0.32
64 734 0.05
881 472 0.49
653 535 0.97
114 990 0.25
151 956 0.99
1 475 0.25
112 151 0.92
774 304 0.90
234 329 0.73
266 590 0.69
648 252 0.15
614 588 0.23
597 306 0.82
690 24 0.58
660 991 0.56
445 766 0.92
507 153 0.71
55 398 0.44
494 912 0.09
662 265 0.27
980 159 0.86
714 939 0.30
584 626 0.27
462 541 0.33
274 357 0.44
883 156 0.78
933 424 0.39
758 519 0.56
193 49 0.23
85 977 0.39
376 268 0.09
126 523 0.88
843 154 0.87
517 290 0.06
438 309 0.48
486 5 0.42
201 76 0.33
199 677 0.82
3 192 0.67
829 438 0.36
766 105 0.22
368 61 0.48
220 491 0.12
624 397 0.14
849 434 0.96
419 461 0.98
248 994 0.06
546 220 0.83
177 107 0.47
466 301 0.83
364 553 0.48
41 819 0.57
838 826 0.79
246 949 0.12
1000 18 0.69
719 492 0.15
387 95 0.54
560 889 0.05
577 937 0.10
208 432 0.15
482 530 0.60
576 658 0.43
929 39 0.99
712 18 0.85
719 393 0.35
733 436 0.94
261 590 0.92
144 885 0.56
369 94 0.92
907 610 0.70
537 972 0.74
959 863 0.66
758 934 0.91
23 165 0.51
39 190 0.83
172 243 0.17
634 91 0.40
905 362 0.35
639 119 0.93
577 365 0.64
274 8 0.71
757 948 0.25
186 778 0.60
8 38 0.98
8 25 0.25
662 83 0.93
522 623 0.53
885 964 0.29
830 547 0.40
772 454 0.85
785 62 0.27
404 565 0.94
915 506 0.27
817 775 0.09
975 942 0.07
199 686 0.53
834 515 0.67
888 789 0.52
223 535 0.95
217 456 0.24
265 358 0.06
337 568 0.37
473 125 0.62
522 932 0.35
475 853 0.27
549 837 0.41
601 578 0.06
519 362 0.53
387 42 0.58
81 621 0.24
468 99 0.40
148 535 0.44
711 764 0.90
718 60 0.98
387 648 0.70
959 396 0.37
782 252 0.01
744 624 0.70
423 990 0.24
366 613 0.07
673 882 0.92
280 984 0.46
520 130 0.78
721 102 0.05
392 383 0.64
197 152 0.73
745 929 0.99
146 935 0.01
14 423 0.81
606 43 0.59
25 224 0.92
597 781 0.64
594 184 0.73
84 475 0.89
311 258 0.78
60 373 0.93
56 698 0.96
309 597 0.01
147 885 0.98
816 937 0.96
643 698 0.20
197 689 0.92
220 189 0.48
112 225 0.96
587 722 0.50
594 834 1.00
139 536 0.93
266 287 0.13
374 658 0.80
326 462 0.22
893 229 0.01
612 940 0.75
362 246 0.48
72 708 0.04
791 155 0.09
603 985 0.00
331 212 0.07
162 735 0.25
358 697 0.95
842 300 0.10
645 795 0.62
938 520 0.71
317 629 0.96
667 463 0.42
837 668 0.73
455 193 0.74
767 110 0.48
787 620 0.88
36 530 0.99
136 586 0.67
846 616 0.06
730 728 0.62
483 913 0.01
251 930 0.37
459 733 0.27
987 629 0.77
387 453 0.70
