# Edge list with 1000 nodes and 2500 edges
# Format: u v p
1 2 0.94
2 3 0.87
3 4 0.34
4 5 0.14
5 6 0.32
6 7 0.25
7 8 0.66
8 9 0.73
9 10 0.31
10 11 0.57
11 12 0.09
12 13 0.87
13 14 0.27
14 15 0.12
15 16 0.81
16 17 0.85
17 18 1.00
18 19 0.82
19 20 0.83
20 21 0.73
21 22 0.38
22 23 0.90
23 24 0.33
24 25 0.13
25 26 0.17
26 27 0.14
27 28 0.58
28 29 0.78
29 30 0.13
30 31 0.03
31 32 0.06
32 33 0.87
33 34 0.63
34 35 0.90
35 36 0.48
36 37 0.03
37 38 0.89
38 39 0.02
39 40 0.75
40 41 0.93
41 42 0.25
42 43 0.49
43 44 0.02
44 45 0.58
45 46 0.29
46 47 0.84
47 48 0.17
48 49 0.36
49 50 0.83
50 51 0.38
51 52 0.82
52 53 0.97
53 54 0.39
54 55 0.08
55 56 0.67
56 57 0.04
57 58 0.68
58 59 0.48
59 60 0.30
60 61 0.49
61 62 0.06
62 63 0.19
63 64 0.89
64 65 0.84
65 66 0.53
66 67 0.68
67 68 0.63
68 69 0.12
69 70 0.23
70 71 0.51
71 72 0.97
72 73 0.04
73 74 0.91
74 75 0.56
75 76 0.37
76 77 0.94
77 78 0.40
78 79 0.92
79 80 0.84
80 81 0.26
81 82 0.76
82 83 0.05
83 84 0.21
84 85 0.18
85 86 0.66
86 87 0.74
87 88 0.69
88 89 0.09
89 90 0.75
90 91 0.07
91 92 0.98
92 93 0.77
93 94 0.93
94 95 0.03
95 96 0.69
96 97 0.10
97 98 0.77
98 99 0.78
99 100 0.76
100 101 0.79
101 102 0.50
102 103 0.46
103 104 0.01
104 105 0.31
105 106 0.14
106 107 0.76
107 108 0.69
108 109 0.14
109 110 0.50
110 111 0.89
111 112 0.32
112 113 0.08
113 114 0.87
114 115 0.64
115 116 0.37
116 117 0.73
117 118 0.39
118 119 0.39
119 120 0.38
120 121 0.10
121 122 0.48
122 123 0.88
123 124 0.60
124 125 0.19
125 126 0.51
126 127 0.30
127 128 0.26
128 129 0.32
129 130 0.55
130 131 0.55
131 132 0.41
132 133 0.94
133 134 0.12
134 135 0.98
135 136 0.06
136 137 0.21
137 138 0.86
138 139 0.05
139 140 0.46
140 141 0.90
141 142 0.51
142 143 0.79
143 144 0.38
144 145 0.38
145 146 0.98
146 147 0.54
147 148 0.66
148 149 0.59
149 150 0.58
150 151 0.44
151 152 0.55
152 153 0.68
153 154 0.12
154 155 0.81
155 156 0.95
156 157 0.95
157 158 0.46
158 159 0.68
159 160 0.67
160 161 0.93
161 162 0.23
162 163 0.62
163 164 0.40
164 165 0.64
165 166 0.31
166 167 0.61
167 168 0.23
168 169 0.30
169 170 0.88
170 171 0.22
171 172 0.68
172 173 0.02
173 174 0.78
174 175 0.16
175 176 0.09
176 177 0.87
177 178 0.06
178 179 0.87
179 180 0.08
180 181 0.79
181 182 0.38
182 183 0.50
183 184 0.21
184 185 0.96
185 186 0.47
186 187 0.74
187 188 0.15
188 189 0.31
189 190 0.27
190 191 0.51
191 192 0.24
192 193 0.95
193 194 0.68
194 195 0.26
195 196 0.30
196 197 0.02
197 198 0.57
198 199 0.72
199 200 0.90
200 201 0.46
201 202 0.32
202 203 0.37
203 204 0.57
204 205 0.85
205 206 0.09
206 207 0.84
207 208 0.43
208 209 0.94
209 210 0.82
210 211 0.13
211 212 0.18
212 213 0.68
213 214 0.37
214 215 0.33
215 216 0.68
216 217 0.87
217 218 0.63
218 219 0.62
219 220 0.50
220 221 0.39
221 222 0.02
222 223 0.82
223 224 0.87
224 225 0.12
225 226 0.01
226 227 0.72
227 228 0.08
228 229 0.51
229 230 0.25
230 231 0.10
231 232 0.96
232 233 0.26
233 234 0.81
234 235 0.23
235 236 0.57
236 237 0.32
237 238 0.93
238 239 0.72
239 240 0.68
240 241 1.00
241 242 0.93
242 243 0.34
243 244 0.29
244 245 0.88
245 246 0.10
246 247 0.02
247 248 0.96
248 249 0.83
249 250 0.88
250 251 0.42
251 252 0.01
252 253 0.57
253 254 0.62
254 255 0.67
255 256 0.04
256 257 0.73
257 258 0.65
258 259 0.87
259 260 0.76
260 261 0.60
261 262 0.51
262 263 0.20
263 264 0.19
264 265 0.31
265 266 0.96
266 267 0.63
267 268 0.14
268 269 0.92
269 270 0.01
270 271 0.82
271 272 0.20
272 273 0.50
273 274 0.06
274 275 0.29
275 276 0.15
276 277 0.80
277 278 0.74
278 279 0.05
279 280 0.31
280 281 0.94
281 282 0.11
282 283 0.08
283 284 0.09
284 285 0.28
285 286 0.33
286 287 0.36
287 288 0.93
288 289 0.98
289 290 0.93
290 291 0.58
291 292 0.05
292 293 0.12
293 294 0.94
294 295 0.36
295 296 0.97
296 297 0.13
297 298 0.65
298 299 0.38
299 300 0.06
300 301 0.31
301 302 0.13
302 303 0.33
303 304 0.20
304 305 0.31
305 306 0.38
306 307 0.32
307 308 0.09
308 309 0.38
309 310 0.67
310 311 0.17
311 312 0.97
312 313 0.28
313 314 0.84
314 315 0.57
315 316 0.47
316 317 0.33
317 318 0.25
318 319 0.65
319 320 0.13
320 321 0.19
321 322 0.20
322 323 0.04
323 324 0.70
324 325 0.92
325 326 0.25
326 327 0.13
327 328 0.76
328 329 0.04
329 330 0.78
330 331 0.92
331 332 0.45
332 333 1.00
333 334 0.13
334 335 0.87
335 336 0.30
336 337 0.19
337 338 0.46
338 339 0.20
339 340 0.16
340 341 0.93
341 342 0.36
342 343 0.54
343 344 0.69
344 345 1.00
345 346 0.36
346 347 0.13
347 348 0.09
348 349 0.32
349 350 0.99
350 351 0.19
351 352 0.61
352 353 0.00
353 354 0.47
354 355 0.47
355 356 0.98
356 357 0.57
357 358 0.12
358 359 0.74
359 360 0.23
360 361 0.45
361 362 0.92
362 363 0.90
363 364 0.81
364 365 0.39
365 366 0.73
366 367 0.88
367 368 0.80
368 369 0.68
369 370 0.54
370 371 0.33
371 372 0.43
372 373 0.12
373 374 0.49
374 375 0.13
375 376 0.77
376 377 0.97
377 378 0.01
378 379 0.74
379 380 0.19
380 381 0.36
381 382 0.86
382 383 0.15
383 384 0.74
384 385 0.82
385 386 0.98
386 387 0.54
387 388 0.28
388 389 0.56
389 390 0.03
390 391 0.02
391 392 0.78
392 393 0.03
393 394 0.48
394 395 0.63
395 396 0.80
396 397 0.84
397 398 0.94
398 399 0.44
399 400 0.95
400 401 0.28
401 402 0.88
402 403 0.56
403 404 0.22
404 405 1.00
405 406 0.49
406 407 0.62
407 408 0.68
408 409 0.42
409 410 0.81
410 411 0.04
411 412 0.50
412 413 0.71
413 414 0.56
414 415 0.55
415 416 0.65
416 417 0.06
417 418 0.91
418 419 0.14
419 420 0.81
420 421 0.38
421 422 0.38
422 423 0.67
423 424 0.49
424 425 0.61
425 426 0.80
426 427 0.96
427 428 0.81
428 429 0.48
429 430 0.68
430 431 0.97
431 432 0.51
432 433 0.36
433 434 0.36
434 435 0.90
435 436 0.94
436 437 0.84
437 438 0.42
438 439 0.72
439 440 0.18
440 441 0.90
441 442 0.69
442 443 0.44
443 444 0.35
444 445 0.93
445 446 0.50
446 447 0.42
447 448 0.57
448 449 0.89
449 450 0.48
450 451 0.01
451 452 0.14
452 453 0.51
453 454 0.26
454 455 0.99
455 456 0.48
456 457 0.84
457 458 0.87
458 459 0.52
459 460 0.99
460 461 0.53
461 462 0.20
462 463 0.93
463 464 0.39
464 465 0.86
465 466 0.02
466 467 0.83
467 468 0.99
468 469 0.18
469 470 0.64
470 471 0.79
471 472 0.79
472 473 0.94
473 474 0.84
474 475 0.49
475 476 0.31
476 477 0.77
477 478 0.29
478 479 0.00
479 480 0.34
480 481 0.94
481 482 0.12
482 483 0.14
483 484 0.56
484 485 0.26
485 486 0.12
486 487 0.32
487 488 0.47
488 489 0.31
489 490 0.71
490 491 0.20
491 492 0.33
492 493 0.11
493 494 0.33
494 495 0.60
495 496 0.73
496 497 0.81
497 498 0.42
498 499 0.01
499 500 0.49
500 501 0.02
501 502 0.55
502 503 1.00
503 504 0.87
504 505 0.22
505 506 0.89
506 507 0.80
507 508 0.52
508 509 0.84
509 510 0.81
510 511 0.96
511 512 0.38
512 513 0.21
513 514 0.35
514 515 0.86
515 516 0.55
516 517 0.04
517 518 0.29
518 519 0.64
519 520 0.84
520 521 0.93
521 522 0.25
522 523 0.98
523 524 0.99
524 525 0.05
525 526 0.54
526 527 0.88
527 528 0.90
528 529 0.55
529 530 0.87
530 531 0.57
531 532 0.27
532 533 0.04
533 534 0.44
534 535 0.10
535 536 0.21
536 537 0.05
537 538 0.37
538 539 0.52
539 540 0.46
540 541 0.96
541 542 0.72
542 543 0.80
543 544 0.71
544 545 0.87
545 546 0.56
546 547 0.57
547 548 0.02
548 549 0.30
549 550 0.82
550 551 0.86
551 552 0.79
552 553 0.05
553 554 0.48
554 555 0.72
555 556 0.86
556 557 0.64
557 558 0.77
558 559 0.29
559 560 0.85
560 561 0.56
561 562 0.89
562 563 0.22
563 564 0.03
564 565 0.11
565 566 0.19
566 567 0.64
567 568 0.66
568 569 0.86
569 570 0.69
570 571 0.54
571 572 0.00
572 573 0.51
573 574 0.04
574 575 0.80
575 576 0.20
576 577 0.41
577 578 0.10
578 579 0.39
579 580 0.80
580 581 0.50
581 582 0.18
582 583 0.27
583 584 0.53
584 585 0.28
585 586 0.62
586 587 0.44
587 588 0.63
588 589 0.07
589 590 0.81
590 591 0.21
591 592 0.44
592 593 0.65
593 594 0.08
594 595 0.81
595 596 0.63
596 597 0.12
597 598 0.42
598 599 0.64
599 600 0.57
600 601 0.66
601 602 0.36
602 603 0.88
603 604 0.66
604 605 0.73
605 606 0.27
606 607 0.65
607 608 0.52
608 609 0.36
609 610 0.06
610 611 0.43
611 612 0.05
612 613 0.68
613 614 0.77
614 615 0.07
615 616 0.42
616 617 0.93
617 618 0.35
618 619 0.59
619 620 0.56
620 621 0.37
621 622 0.84
622 623 0.02
623 624 0.15
624 625 0.46
625 626 0.15
626 627 0.77
627 628 0.28
628 629 0.44
629 630 0.60
630 631 0.88
631 632 0.01
632 633 0.65
633 634 0.82
634 635 0.55
635 636 0.08
636 637 0.13
637 638 0.44
638 639 0.09
639 640 0.77
640 641 0.05
641 642 0.13
642 643 0.62
643 644 0.55
644 645 0.30
645 646 0.80
646 647 0.01
647 648 0.66
648 649 0.65
649 650 0.88
650 651 0.08
651 652 0.40
652 653 0.52
653 654 0.17
654 655 0.87
655 656 0.73
656 657 0.69
657 658 0.09
658 659 0.09
659 660 0.63
660 661 0.91
661 662 0.29
662 663 0.73
663 664 0.11
664 665 0.90
665 666 0.07
666 667 0.03
667 668 0.75
668 669 0.08
669 670 0.57
670 671 0.41
671 672 0.30
672 673 0.18
673 674 0.80
674 675 0.97
675 676 0.39
676 677 0.53
677 678 0.39
678 679 0.59
679 680 0.74
680 681 0.02
681 682 0.08
682 683 0.77
683 684 0.57
684 685 0.20
685 686 0.76
686 687 0.76
687 688 0.69
688 689 0.36
689 690 0.30
690 691 0.28
691 692 0.75
692 693 0.46
693 694 0.22
694 695 0.59
695 696 0.45
696 697 0.46
697 698 0.58
698 699 0.54
699 700 0.89
700 701 0.63
701 702 0.34
702 703 0.21
703 704 0.76
704 705 0.26
705 706 0.38
706 707 0.46
707 708 0.42
708 709 0.33
709 710 0.74
710 711 0.20
711 712 0.22
712 713 0.56
713 714 0.66
714 715 0.23
715 716 0.75
716 717 0.34
717 718 0.87
718 719 0.98
719 720 0.92
720 721 0.03
721 722 0.96
722 723 0.28
723 724 0.61
724 725 0.20
725 726 0.07
726 727 0.05
727 728 0.13
728 729 0.57
729 730 0.01
730 731 0.18
731 732 0.71
732 733 0.74
733 734 0.65
734 735 0.34
735 736 0.64
736 737 0.16
737 738 0.06
738 739 0.99
739 740 0.63
740 741 0.69
741 742 1.00
742 743 0.14
743 744 0.01
744 745 0.70
745 746 0.30
746 747 0.45
747 748 0.29
748 749 0.94
749 750 0.59
750 751 0.73
751 752 0.45
752 753 0.14
753 754 0.90
754 755 0.03
755 756 0.31
756 757 0.69
757 758 0.33
758 759 0.81
759 760 0.73
760 761 0.42
761 762 0.39
762 763 0.87
763 764 0.89
764 765 0.47
765 766 0.94
766 767 0.82
767 768 0.14
768 769 0.53
769 770 0.89
770 771 0.38
771 772 0.73
772 773 0.42
773 774 0.18
774 775 0.09
775 776 0.54
776 777 0.29
777 778 0.51
778 779 0.41
779 780 0.13
780 781 0.13
781 782 0.53
782 783 0.51
783 784 0.50
784 785 0.34
785 786 0.52
786 787 0.88
787 788 1.00
788 789 0.08
789 790 0.02
790 791 0.34
791 792 0.64
792 793 0.72
793 794 0.69
794 795 0.72
795 796 0.85
796 797 0.85
797 798 0.90
798 799 0.37
799 800 0.61
800 801 0.13
801 802 0.05
802 803 0.84
803 804 0.08
804 805 0.21
805 806 0.74
806 807 0.39
807 808 1.00
808 809 0.12
809 810 0.97
810 811 0.68
811 812 0.01
812 813 0.08
813 814 0.78
814 815 0.34
815 816 0.99
816 817 0.12
817 818 0.79
818 819 0.29
819 820 1.00
820 821 0.64
821 822 0.39
822 823 0.50
823 824 0.99
824 825 0.66
825 826 0.27
826 827 0.13
827 828 0.93
828 829 0.58
829 830 0.94
830 831 0.81
831 832 0.88
832 833 0.50
833 834 0.70
834 835 0.06
835 836 0.62
836 837 0.28
837 838 0.28
838 839 0.85
839 840 0.23
840 841 0.13
841 842 0.26
842 843 0.11
843 844 0.56
844 845 0.93
845 846 0.35
846 847 0.03
847 848 0.90
848 849 0.64
849 850 0.41
850 851 0.65
851 852 0.60
852 853 1.00
853 854 0.33
854 855 0.37
855 856 0.66
856 857 0.50
857 858 0.54
858 859 0.48
859 860 0.07
860 861 0.97
861 862 0.57
862 863 0.83
863 864 0.36
864 865 0.23
865 866 0.07
866 867 0.84
867 868 0.31
868 869 0.27
869 870 0.54
870 871 0.21
871 872 0.75
872 873 0.81
873 874 0.37
874 875 0.23
875 876 0.10
876 877 0.90
877 878 0.85
878 879 0.88
879 880 0.24
880 881 0.90
881 882 0.22
882 883 0.03
883 884 0.08
884 885 0.18
885 886 0.21
886 887 0.72
887 888 0.32
888 889 0.11
889 890 0.45
890 891 0.49
891 892 0.18
892 893 0.68
893 894 0.49
894 895 0.06
895 896 0.83
896 897 0.64
897 898 0.20
898 899 0.61
899 900 0.09
900 901 0.31
901 902 0.66
902 903 0.68
903 904 0.53
904 905 0.99
905 906 0.96
906 907 0.72
907 908 0.32
908 909 0.99
909 910 0.92
910 911 0.31
911 912 0.89
912 913 0.09
913 914 0.40
914 915 0.70
915 916 0.76
916 917 0.06
917 918 0.65
918 919 0.76
919 920 0.10
920 921 0.76
921 922 0.94
922 923 0.63
923 924 0.02
924 925 0.52
925 926 0.19
926 927 0.21
927 928 0.74
928 929 0.08
929 930 0.54
930 931 0.04
931 932 0.05
932 933 0.13
933 934 0.17
934 935 0.54
935 936 0.09
936 937 0.19
937 938 0.86
938 939 0.98
939 940 0.39
940 941 0.63
941 942 0.26
942 943 0.72
943 944 0.13
944 945 0.03
945 946 0.56
946 947 0.06
947 948 0.26
948 949 0.83
949 950 0.11
950 951 0.52
951 952 0.90
952 953 0.04
953 954 0.76
954 955 0.51
955 956 0.51
956 957 0.82
957 958 0.16
958 959 0.35
959 960 0.83
960 961 0.81
961 962 0.22
962 963 0.24
963 964 0.72
964 965 0.73
965 966 0.87
966 967 0.19
967 968 0.45
968 969 0.16
969 970 0.02
970 971 0.63
971 972 1.00
972 973 0.36
973 974 0.14
974 975 0.64
975 976 0.73
976 977 0.90
977 978 0.25
978 979 0.61
979 980 0.97
980 981 0.98
981 982 0.05
982 983 0.12
983 984 0.38
984 985 0.20
985 986 0.85
986 987 0.92
987 988 0.54
988 989 0.14
989 990 0.85
990 991 0.02
991 992 0.53
992 993 0.49
993 994 0.46
994 995 0.93
995 996 0.52
996 997 0.91
997 998 0.45
998 999 0.49
999 1000 0.03
1000 1 0.94
340 421 0.41
216 84 0.66
437 640 0.81
542 246 0.49
887 103 0.74
402 851 0.49
73 192 0.99
767 308 0.56
891 930 0.29
550 568 0.94
418 273 0.35
542 991 0.96
642 220 0.74
592 244 0.51
664 6 0.77
541 830 0.78
306 816 0.80
570 697 0.55
932 349 0.08
83 39 0.79
180 971 0.34
999 456 0.55
324 630 0.53
322 927 0.09
892 753 0.57
188 61 0.68
297 469 0.03
405 726 0.52
311 705 0.93
92 944 0.29
663 627 0.11
533 351 0.94
814 892 0.52
222 15 0.34
664 37 0.79
583 998 0.66
69 459 0.94
890 208 0.43
251 367 0.12
892 995 0.53
56 661 0.25
380 695 0.46
805 322 0.27
789 850 0.25
155 426 0.17
311 629 0.70
711 798 0.74
635 369 0.96
936 545 0.85
551 962 0.43
224 694 0.19
719 304 0.20
922 401 0.11
819 826 0.40
17 402 0.08
670 334 0.04
707 618 0.28
584 990 0.06
409 589 0.26
330 589 0.19
617 121 0.12
28 869 0.32
628 564 0.65
767 168 0.94
373 428 0.16
438 74 0.52
290 271 0.40
333 288 0.58
259 597 0.13
265 5 0.05
332 203 0.47
316 723 0.96
738 609 0.61
307 394 0.10
90 427 0.62
40 448 0.02
869 481 0.78
714 431 0.16
395 874 0.61
122 498 0.98
412 237 0.38
270 428 0.77
828 412 0.64
24 820 0.88
125 685 0.46
789 488 0.45
269 250 0.63
173 128 0.46
130 459 0.92
237 62 0.58
994 452 0.47
553 546 0.91
337 388 0.24
385 282 0.25
579 835 0.53
134 437 0.06
710 578 0.35
757 561 0.47
374 862 0.39
816 44 0.79
465 618 0.13
194 507 0.69
753 14 1.00
190 781 0.64
978 115 0.07
823 740 0.58
210 551 0.27
290 469 0.87
662 810 0.08
342 752 0.10
763 535 0.52
864 521 0.66
234 535 0.85
578 999 0.60
368 826 0.41
247 417 0.41
496 104 0.28
722 223 0.69
166 301 0.08
157 629 0.50
554 610 0.42
513 258 0.13
69 912 0.13
960 250 0.31
817 910 0.95
640 357 0.31
660 440 0.28
568 551 0.75
645 673 0.45
91 597 0.99
224 509 0.67
694 754 0.84
970 450 0.27
985 654 0.36
733 941 0.82
864 760 0.35
545 314 0.42
997 640 0.25
688 956 0.79
257 256 0.96
722 620 0.18
86 213 0.58
17 360 0.09
147 739 0.61
872 360 0.82
202 256 0.04
829 635 0.79
72 513 0.85
855 933 0.09
913 480 0.01
405 554 0.88
428 486 0.41
543 632 0.44
239 980 0.11
245 994 0.61
720 323 0.80
841 880 0.88
329 155 0.07
402 756 0.51
391 311 0.87
852 311 0.02
957 48 0.51
181 259 0.94
512 118 0.57
468 139 0.69
873 130 0.31
626 726 0.20
691 448 0.53
124 735 0.65
926 966 0.67
293 356 1.00
919 563 0.98
44 308 0.30
618 74 0.16
378 205 0.94
207 419 0.92
670 687 0.15
32 577 0.58
844 6 0.85
176 618 0.80
88 99 0.26
245 688 0.33
416 917 0.89
192 552 0.46
659 355 0.00
94 610 0.47
388 986 0.81
828 66 0.78
576 849 0.65
217 413 0.65
351 952 0.78
485 413 0.88
317 196 0.40
966 637 0.13
475 559 0.15
207 798 0.40
124 910 0.18
49 702 0.89
694 80 0.91
365 563 0.11
93 354 0.07
577 246 0.56
73 605 0.72
309 270 0.93
609 24 0.50
143 321 0.96
150 504 0.29
536 789 0.03
407 794 0.51
835 215 0.28
998 644 0.09
389 976 0.47
965 759 0.24
505 43 0.32
659 214 0.18
15 128 0.50
245 962 0.86
145 534 0.36
710 484 0.80
253 470 0.07
578 155 0.36
245 539 0.85
375 601 0.16
37 678 0.20
4 733 0.01
437 91 0.87
11 735 0.67
398 978 0.53
131 600 0.03
517 403 0.74
852 716 0.55
213 757 0.79
271 344 0.07
646 671 0.84
550 130 0.15
855 36 0.48
99 587 0.07
437 107 0.62
597 606 0.01
528 786 0.62
429 831 0.37
941 578 0.18
296 310 0.18
833 398 0.28
883 72 0.97
751 206 0.12
847 839 0.78
778 551 0.11
961 498 0.97
137 305 0.95
373 351 0.48
289 97 0.69
853 251 0.93
566 71 0.71
449 214 0.28
346 65 0.36
539 583 0.10
25 939 0.58
504 385 0.58
603 537 0.38
314 881 0.43
915 153 0.22
288 865 0.61
380 929 0.95
184 283 1.00
869 897 0.73
798 331 0.92
217 915 0.79
214 743 0.58
433 391 0.90
66 520 0.19
152 140 0.22
952 849 0.57
673 38 0.52
314 838 0.84
49 518 0.19
271 299 0.78
14 216 0.40
726 147 0.59
638 617 0.30
142 818 0.39
629 907 0.66
97 354 0.29
22 10 0.04
893 542 0.32
280 397 0.62
244 759 0.67
827 545 0.23
961 74 0.35
555 129 0.14
531 200 0.11
315 428 0.53
557 224 0.71
195 717 1.00
124 923 0.91
936 30 0.43
543 586 0.16
292 565 0.83
707 358 0.11
327 975 0.59
547 941 0.51
347 674 0.87
302 107 0.38
683 892 0.60
895 42 0.01
385 516 0.46
647 969 0.41
777 894 0.84
355 229 0.94
76 209 0.28
352 978 0.12
679 75 0.59
361 252 0.35
455 628 0.55
287 572 0.26
168 480 0.85
653 561 0.13
417 665 0.92
872 772 0.67
13 918 0.02
933 596 0.56
183 121 0.31
459 825 0.47
569 816 0.67
663 805 0.99
688 132 0.34
22 235 0.92
491 405 0.02
698 574 0.92
443 876 0.73
486 742 0.94
398 384 0.66
892 891 0.91
109 163 0.89
920 383 0.81
956 697 0.14
478 56 0.87
256 738 0.28
662 242 0.55
676 884 0.60
526 438 0.49
851 13 0.36
301 947 0.95
387 127 0.55
494 976 0.95
583 397 0.70
395 288 0.61
1000 472 0.80
593 270 0.29
863 915 0.66
70 665 0.22
656 41 0.73
457 566 0.31
889 173 0.92
936 5 0.26
112 844 0.54
815 203 0.72
697 159 0.00
159 538 0.55
230 677 0.57
365 790 0.97
267 33 0.33
703 431 0.96
841 228 0.70
106 17 0.71
272 169 0.59
785 202 0.08
239 882 0.64
535 726 0.04
792 407 0.38
584 144 0.81
334 280 0.73
516 92 0.30
95 360 0.19
38 498 0.48
430 295 0.73
106 90 0.27
827 99 0.49
688 695 0.21
612 940 0.61
57 113 0.27
558 379 0.94
717 905 0.17
544 325 0.29
611 842 0.02
772 856 0.10
103 586 0.40
490 698 0.35
895 628 0.13
158 188 0.49
557 334 0.52
469 620 0.09
952 346 0.46
686 367 0.86
443 932 0.46
312 101 0.14
430 248 0.95
38 42 0.73
348 196 0.13
721 646 0.79
250 898 0.16
459 517 0.60
681 583 0.44
756 844 0.13
595 422 0.39
136 943 0.97
136 499 0.95
810 324 0.54
931 956 0.27
413 173 0.99
391 700 0.29
104 240 0.19
68 933 0.07
575 143 0.86
242 127 0.20
491 392 0.52
216 181 0.87
403 696 0.73
363 608 0.19
541 742 0.38
120 59 0.68
920 356 0.95
595 88 0.67
343 95 0.49
236 244 0.60
973 726 0.24
230 416 0.08
599 76 0.96
63 780 0.25
13 542 0.22
586 558 0.35
397 824 0.09
399 737 0.61
51 634 0.14
866 558 0.06
868 650 0.95
344 310 0.05
991 148 0.46
898 325 0.22
991 484 0.77
836 113 0.31
583 884 0.72
760 915 0.89
497 6 0.53
500 585 0.34
831 691 0.28
977 410 0.39
877 517 0.72
988 409 0.99
589 293 0.77
153 645 0.22
587 274 0.62
794 213 0.13
371 372 0.48
579 995 0.52
629 348 0.02
284 459 0.50
689 755 0.66
267 405 0.33
661 426 0.32
310 123 0.54
342 578 0.62
748 714 0.29
27 658 0.40
43 854 0.94
647 724 0.38
33 914 0.03
41 468 0.69
44 22 0.74
293 346 0.14
439 929 0.45
765 148 0.37
906 726 0.95
450 722 0.24
892 379 0.02
692 274 0.97
100 459 0.41
267 986 0.69
308 91 0.45
208 25 0.39
109 870 0.35
598 677 0.67
392 173 0.33
703 706 0.15
925 538 0.76
164 553 0.24
392 538 0.33
567 410 0.29
992 261 0.59
530 738 0.10
77 320 0.24
953 171 0.71
837 863 0.27
345 60 0.26
225 812 0.65
557 73 0.23
306 79 0.74
187 220 0.88
14 114 0.34
513 469 0.58
823 270 0.31
13 292 0.30
167 895 0.78
781 65 0.01
308 883 0.15
71 246 0.13
759 28 0.04
843 416 0.57
383 219 0.43
561 977 0.73
882 690 0.59
655 265 0.33
921 940 0.90
447 414 0.07
578 477 0.05
861 583 0.00
95 905 0.57
437 264 0.03
566 261 0.50
239 487 0.76
579 479 0.70
532 578 0.22
420 820 0.87
53 688 0.35
144 114 0.79
328 908 0.89
392 950 0.10
33 288 1.00
554 364 0.67
668 208 0.75
69 583 0.69
171 388 0.78
703 478 0.56
54 269 0.10
558 656 0.24
276 531 0.23
771 664 0.36
412 459 0.42
831 488 0.26
509 18 0.61
780 917 0.81
718 394 0.51
34 785 0.87
796 488 0.75
59 157 0.94
226 660 0.60
566 685 0.92
631 780 0.49
489 789 0.75
944 447 0.12
929 916 0.26
197 692 0.45
24 976 0.43
111 956 0.97
309 16 0.08
294 567 0.45
329 392 0.20
748 156 0.58
374 885 0.67
712 98 0.08
915 662 0.21
297 48 0.38
894 52 0.82
620 660 0.39
407 141 0.50
426 705 0.50
102 752 0.66
924 733 0.73
866 662 0.05
167 591 0.51
899 981 0.49
993 909 0.35
885 734 0.40
707 470 0.83
191 368 0.87
742 938 0.84
892 375 0.27
178 941 0.84
898 603 0.12
955 968 0.80
476 309 0.65
145 48 0.89
246 475 0.23
734 553 0.77
191 20 0.90
392 652 0.36
434 882 0.78
324 5 0.82
971 644 0.89
806 67 0.70
44 947 0.71
90 750 0.50
512 65 0.62
142 748 0.91
735 999 0.05
741 339 0.21
404 339 0.74
125 207 0.99
652 662 0.51
761 901 0.28
202 965 0.37
605 388 0.24
862 737 0.45
1 947 0.14
4 297 0.47
13 325 0.97
766 412 0.37
340 551 0.68
880 282 0.54
566 92 0.44
925 726 0.09
973 591 0.83
232 458 0.42
87 413 0.35
850 290 0.98
857 462 0.63
640 668 0.24
808 844 0.49
187 640 0.10
967 9 0.83
373 1000 0.60
119 127 0.95
166 352 0.74
706 378 0.27
35 937 0.81
877 593 0.41
992 145 0.89
70 702 0.91
705 565 0.80
987 747 0.81
100 678 0.08
644 455 0.17
306 662 0.87
732 396 0.67
193 310 0.97
117 121 0.82
408 636 0.95
123 431 0.14
432 279 0.35
711 785 0.32
463 964 0.59
971 1 0.51
980 879 0.99
392 914 0.45
855 413 0.63
5 856 0.35
412 525 0.89
660 959 0.31
963 455 0.43
362 416 0.52
983 247 0.84
570 197 0.62
839 303 0.23
133 755 0.17
981 367 0.32
532 502 0.43
408 702 0.95
48 65 0.38
949 12 0.13
17 959 0.27
535 96 0.24
797 794 0.70
733 825 0.47
18 809 0.91
98 767 0.48
301 85 0.60
109 783 0.31
911 444 0.22
511 457 0.42
522 382 0.73
100 353 0.31
127 444 0.98
996 102 0.13
878 343 0.83
589 300 0.04
20 638 0.62
708 423 0.21
591 974 0.92
407 69 0.49
497 352 0.18
660 551 0.09
163 370 0.69
583 202 0.29
482 459 0.56
435 999 0.79
617 286 0.11
816 78 0.94
656 759 0.56
419 427 0.65
137 803 0.56
705 899 0.52
55 667 0.81
927 544 0.72
19 631 0.74
337 665 0.69
470 518 0.02
571 364 0.12
766 390 0.02
75 646 0.26
983 568 0.56
416 371 0.51
579 149 0.02
134 828 0.68
452 636 0.96
337 657 0.25
302 686 0.02
281 594 0.43
244 568 0.23
38 798 0.51
182 853 0.31
516 418 0.69
845 524 0.33
441 30 0.05
615 934 0.52
8 809 0.14
207 430 0.67
148 145 0.57
588 644 0.85
185 508 0.56
17 515 0.05
168 735 0.72
87 848 0.98
699 45 0.22
283 398 0.29
709 813 0.75
717 309 0.64
455 517 0.06
111 150 0.16
324 113 0.99
69 23 0.07
910 447 0.38
572 584 0.73
174 447 0.95
975 197 0.85
568 937 0.72
52 79 0.69
166 197 0.35
784 956 0.10
414 825 0.73
44 981 0.77
139 718 0.67
844 745 0.31
11 111 0.68
739 252 0.61
582 61 0.79
787 779 0.81
231 8 0.16
721 854 0.62
439 735 0.70
938 124 0.41
790 619 0.36
654 820 0.20
442 557 0.63
908 846 0.50
813 153 0.97
132 36 0.71
950 926 0.65
663 398 0.31
12 236 0.89
788 952 0.23
824 793 0.59
635 906 0.34
280 498 0.37
959 196 0.08
198 560 0.63
173 260 0.31
219 941 0.32
352 698 0.27
701 764 0.79
207 566 0.52
843 915 0.99
929 5 0.79
961 812 0.55
55 80 0.17
284 144 0.27
854 8 0.81
477 835 0.96
945 636 0.78
398 956 0.26
555 80 0.52
781 115 0.09
325 78 0.27
862 679 0.14
668 61 0.48
751 953 0.44
479 859 0.48
978 155 0.88
326 677 0.90
623 842 0.76
719 53 0.92
853 55 0.65
474 746 0.70
955 25 0.53
96 418 0.12
152 47 0.82
357 881 0.94
692 966 0.01
889 321 0.86
356 595 0.46
948 319 0.50
382 56 0.30
159 715 0.94
638 828 0.02
435 446 0.87
948 290 0.58
139 450 0.36
136 114 0.47
1000 833 0.44
322 465 0.33
339 873 0.17
453 98 0.93
39 858 0.15
698 601 0.02
788 572 0.92
726 425 0.35
185 224 0.44
275 947 0.43
159 278 0.08
919 467 0.53
523 565 0.24
945 864 0.37
222 402 0.25
304 584 0.12
263 120 0.83
959 215 0.63
968 416 0.46
907 259 0.22
809 309 0.89
695 120 0.51
926 936 0.32
832 376 0.37
955 913 0.54
296 421 0.48
985 841 0.35
232 368 0.37
975 446 0.98
186 240 0.88
624 140 0.34
523 757 0.79
603 908 0.53
343 694 0.37
864 41 0.30
790 299 0.42
140 744 0.85
665 881 0.66
308 389 0.09
607 50 0.21
239 779 0.90
943 129 0.93
995 114 0.30
309 727 0.52
426 107 0.49
942 617 0.80
380 621 0.30
909 260 0.26
224 419 0.25
968 168 0.97
146 618 0.79
576 725 0.92
624 120 0.08
779 531 0.48
338 851 0.07
832 646 0.27
13 304 0.98
594 885 0.91
229 170 0.16
684 940 0.19
504 572 0.78
655 882 0.98
907 970 0.11
848 635 0.16
740 816 0.02
353 7 0.50
84 580 0.47
520 12 0.22
703 533 0.93
707 756 0.67
403 390 0.80
277 954 0.80
230 605 0.82
921 443 0.66
263 326 0.07
224 825 0.86
24 921 0.67
998 311 0.59
745 972 0.90
666 996 0.47
77 47 0.21
731 434 0.66
869 671 0.76
132 131 0.69
321 700 0.74
359 126 0.38
239 693 0.81
746 451 0.59
898 442 0.36
580 220 0.46
330 627 0.54
601 597 0.58
93 196 0.50
365 786 0.89
214 726 0.54
518 761 0.69
623 435 0.40
863 976 0.42
940 330 0.97
809 444 0.42
821 850 0.20
16 142 0.33
155 208 0.04
37 498 0.34
414 93 0.12
698 982 0.63
723 320 0.21
81 588 0.66
494 37 0.84
556 974 0.67
92 448 0.48
184 218 1.00
378 799 0.24
990 829 0.65
369 781 0.45
720 723 0.38
206 722 0.89
22 60 0.91
768 350 0.90
536 349 0.84
307 936 0.09
824 360 0.10
343 141 0.76
944 141 0.34
250 204 0.93
331 223 0.91
992 695 0.48
777 913 0.25
573 461 0.94
999 56 0.90
814 10 0.71
999 959 0.70
97 887 0.11
992 749 0.65
215 88 0.28
130 829 0.01
88 623 0.87
257 452 0.93
579 948 0.11
134 11 0.78
510 344 0.39
637 56 0.01
384 68 0.96
641 61 0.84
108 975 0.54
866 475 0.50
642 442 0.72
585 568 0.82
508 748 0.80
73 474 0.67
734 506 0.50
858 309 0.50
98 913 0.53
374 52 0.76
671 638 0.83
755 422 0.79
556 525 0.36
153 420 0.20
29 731 0.60
287 243 0.26
73 167 0.38
885 403 0.88
508 279 0.18
657 899 0.55
321 522 0.93
346 295 0.20
982 32 0.94
464 701 0.33
697 743 0.79
925 80 0.21
65 146 0.08
784 209 0.17
506 110 0.09
220 116 0.37
610 747 0.44
744 442 0.54
636 408 0.16
844 920 0.95
659 335 0.69
695 7 0.14
505 719 0.05
345 163 0.64
302 918 0.04
157 876 0.80
81 331 0.88
473 72 0.57
61 59 0.79
81 99 0.98
186 807 0.65
75 15 0.96
260 146 0.72
906 85 0.68
835 672 0.57
793 342 0.73
335 6 0.75
819 454 0.96
330 130 0.61
254 331 0.64
832 515 0.64
763 995 0.48
856 90 0.39
868 479 0.68
78 935 0.48
268 757 0.69
171 852 0.56
847 830 0.01
521 976 0.25
689 464 0.61
393 321 0.42
273 9 0.19
917 162 0.09
876 326 0.86
71 69 0.36
341 128 0.27
57 826 0.06
5 462 0.10
372 83 0.42
415 802 0.34
338 43 0.14
603 93 0.87
434 961 0.43
880 276 0.26
759 202 0.48
53 459 0.75
752 261 0.05
665 396 0.02
961 892 0.45
17 854 0.36
932 598 0.56
407 508 0.32
10 345 0.36
795 422 0.12
752 69 0.07
483 990 0.05
183 138 0.09
533 296 0.54
409 13 0.50
307 151 0.18
390 324 0.87
565 832 0.40
279 586 0.09
994 189 0.23
623 534 0.50
40 676 0.94
766 462 0.36
578 279 0.92
201 522 0.95
793 375 0.75
982 718 0.04
690 103 0.74
811 686 0.47
752 482 0.99
129 863 0.01
867 579 0.84
430 770 0.60
117 633 0.70
155 569 0.47
531 168 0.09
853 668 0.30
658 693 0.49
851 918 0.96
161 583 0.34
724 220 0.72
857 213 0.94
265 207 0.60
340 483 0.40
670 54 0.12
309 374 0.69
746 117 0.33
398 507 0.71
10 425 0.72
176 341 0.09
388 7 0.67
891 493 0.43
517 346 0.39
335 689 0.85
338 561 0.34
367 544 0.52
746 806 0.52
74 283 0.67
824 46 0.64
16 995 0.99
266 297 0.76
445 878 0.11
534 133 0.52
512 543 0.84
415 468 0.32
657 766 0.70
797 436 0.15
110 577 1.00
435 667 0.84
25 270 0.16
119 556 0.56
936 53 0.62
259 653 0.44
211 86 0.50
820 484 0.51
785 428 0.99
48 79 0.77
927 542 0.46
447 889 0.21
924 669 0.26
772 378 0.05
429 812 0.02
419 393 0.39
892 134 0.09
611 140 0.06
738 483 0.18
327 705 0.13
340 243 0.55
916 929 0.47
909 426 0.23
897 482 0.34
960 484 0.08
923 747 0.81
558 555 0.36
809 313 0.21
709 675 0.89
943 415 0.32
408 296 0.67
656 545 0.44
643 948 0.65
788 831 0.38
430 362 0.29
436 41 0.42
998 256 0.42
82 931 0.72
119 672 0.80
909 353 1.00
133 390 0.14
831 615 0.09
150 588 0.68
845 290 0.62
426 967 0.17
534 388 0.23
860 826 0.92
952 112 0.69
5 264 0.10
81 911 0.38
90 927 0.05
924 145 0.43
231 187 0.64
241 887 0.55
885 537 0.39
945 459 0.95
700 66 0.60
915 810 0.37
736 494 0.01
327 326 0.00
463 440 0.14
636 460 0.20
319 671 0.18
597 378 0.49
803 889 0.26
777 622 0.01
939 994 0.33
697 303 0.72
400 721 0.44
935 329 0.60
435 686 0.17
84 719 0.14
387 908 0.63
328 885 0.81
686 998 0.24
72 524 0.70
117 710 0.62
682 914 0.54
160 279 0.48
165 815 0.78
799 807 0.06
530 861 0.80
331 250 0.42
269 465 0.28
301 273 0.98
753 764 0.37
903 444 0.89
984 671 0.05
901 601 0.46
521 979 0.79
903 572 0.16
901 886 0.93
45 578 0.74
185 305 0.42
873 193 0.72
303 632 0.71
248 617 0.98
802 54 0.91
521 29 0.38
458 573 0.40
976 723 0.39
862 33 0.41
768 624 0.12
117 3 0.33
293 353 0.14
590 51 0.31
637 106 0.47
121 624 0.19
217 560 0.73
231 450 0.66
69 364 0.03
493 755 0.42
717 557 0.64
829 793 0.32
661 36 0.82
737 712 0.89
234 565 0.06
291 418 0.78
748 897 0.58
700 866 0.06
523 496 0.79
981 453 0.86
630 595 0.92
999 672 0.20
189 578 0.64
518 897 0.24
826 172 0.83
891 191 0.91
101 537 0.79
141 907 0.71
105 258 0.75
32 204 0.50
612 847 0.38
547 831 0.00
457 51 0.88
938 237 0.94
281 573 0.91
332 185 0.70
158 152 0.31
419 767 0.52
200 471 0.42
107 569 0.53
151 848 0.45
493 673 0.47
330 577 0.25
630 672 0.64
586 262 0.94
270 631 0.33
830 366 0.72
450 113 0.39
579 528 0.81
609 167 0.63
204 955 0.06
618 13 0.98
900 100 0.67
249 163 0.06
157 58 0.33
937 452 0.33
579 105 0.27
78 539 0.46
31 137 0.88
237 719 0.76
432 125 0.63
464 209 0.32
639 94 0.05
233 202 0.49
324 686 0.56
717 247 0.73
431 92 0.73
10 133 0.04
751 399 0.36
653 667 0.34
850 241 0.47
672 738 0.58
209 230 0.81
322 35 0.40
591 145 0.46
454 445 0.82
555 44 0.81
82 793 0.61
186 218 0.09
778 277 0.98
212 551 0.85
585 325 0.53
587 765 0.97
164 957 0.39
279 117 0.76
523 274 0.45
583 264 0.17
357 258 0.67
534 32 0.10
327 190 0.44
880 384 0.83
454 746 0.84
779 789 0.44
307 312 0.75
783 390 0.85
483 477 0.44
779 689 0.46
212 192 0.78
431 882 0.74
184 398 0.52
348 932 0.14
218 480 0.21
179 443 0.50
749 511 0.13
578 308 0.89
464 280 0.88
834 586 0.79
5 475 0.65
636 185 0.47
853 301 0.30
173 87 0.38
776 472 0.49
491 376 0.69
651 623 0.49
997 979 0.33
677 744 0.03
991 539 0.17
946 872 0.35
549 811 0.57
696 893 0.85
354 716 0.37
692 898 0.20
676 37 0.82
470 344 0.88
779 790 0.39
520 447 0.62
687 998 0.39
238 150 0.29
629 872 0.47
390 172 0.15
873 907 0.65
456 888 0.48
180 88 0.46
4 943 0.80
610 770 0.06
310 414 0.09
3 108 0.48
639 376 0.97
291 309 0.48
116 340 0.45
643 535 0.08
3 881 0.40
865 686 0.09
555 274 0.08
928 125 0.17
676 694 0.50
790 178 0.26
777 773 0.21
494 571 0.17
872 646 0.18
233 593 0.56
638 494 0.74
53 859 0.99
137 702 0.16
922 577 0.89
375 34 0.74
799 920 0.86
620 217 0.55
404 347 0.99
735 802 0.63
990 918 0.47
648 396 0.50
97 425 0.66
904 382 0.21
870 135 0.31
162 425 0.70
255 84 0.41
201 979 0.61
739 408 0.12
520 396 0.55
634 708 0.68
461 280 0.68
790 88 0.85
631 733 0.57
272 418 0.40
26 405 0.85
41 935 0.25
253 174 0.11
590 495 0.55
426 343 0.84
888 840 0.41
986 68 0.14
942 358 0.84
290 588 0.60
310 895 0.89
305 539 0.77
187 522 0.64
79 868 0.15
348 398 0.63
17 321 0.49
441 665 0.23
391 330 0.06
21 553 0.77
378 208 0.72
806 286 0.86
197 543 0.70
742 643 0.68
523 695 0.87
999 638 0.12
583 616 0.61
170 477 0.29
257 616 0.56
134 937 0.44
685 391 0.89
590 913 0.79
64 517 0.68
858 215 0.75
239 465 0.31
441 233 0.96
453 374 0.78
773 937 0.23
524 181 0.43
454 332 0.12
580 402 0.70
291 504 0.36
498 851 0.49
911 85 0.32
415 556 0.97
161 650 0.50
118 166 0.12
294 327 0.03
779 149 0.22
867 732 0.13
213 651 0.33
375 308 0.72
529 384 0.31
465 756 0.70
760 83 0.02
795 981 0.91
103 244 0.65
97 78 0.03
450 481 0.32
102 831 0.68
599 955 0.34
216 125 0.15
220 549 0.62
187 966 0.61
345 296 0.59
866 190 0.80
796 882 0.85
558 514 0.23
525 992 0.38
2 700 0.26
638 586 0.73
889 189 0.60
666 63 0.74
708 444 0.57
521 268 0.56
585 297 0.93
698 472 0.61
733 991 0.62
410 599 0.64
766 443 0.86
276 979 0.84
219 897 0.41
96 802 0.44
351 92 0.79
286 102 0.28
654 195 0.73
769 420 0.03
506 762 0.72
827 455 0.56
122 652 0.14
785 361 0.22
921 568 0.10
381 576 0.80
463 587 0.85
725 867 0.24
332 851 0.58
485 315 0.85
748 937 0.26
288 421 0.27
926 873 0.04
196 979 0.54
495 618 0.13
810 995 0.31
144 488 0.95
574 836 0.04
22 888 0.54
334 381 0.09
514 766 0.85
957 58 0.86
351 856 0.44
522 398 0.27
771 430 0.38
734 260 0.61
661 371 0.74
95 371 0.91
191 406 0.40
687 937 0.05
727 733 0.53
199 16 0.26
797 502 0.71
852 668 0.13
284 759 0.46
543 676 0.32
355 371 0.69
530 409 0.89
750 447 0.30
229 415 0.40
376 791 0.76
860 805 0.15
